0: [227, 236, 237, 255] 
1000: [249, 224, 214, 255] 
2000: [38, 35, 32, 255] 
3000: [168, 157, 152, 255] 
4000: [248, 250, 250, 255] 
5000: [247, 249, 247, 255] 
6000: [88, 74, 63, 255] 
7000: [183, 197, 204, 255] 
8000: [88, 78, 67, 255] 
9000: [155, 167, 177, 255] 
10000: [66, 68, 70, 255] 
11000: [118, 114, 111, 255] 
12000: [151, 164, 172, 255] 
13000: [146, 151, 155, 255] 
14000: [231, 237, 241, 255] 
15000: [254, 254, 254, 255] 
16000: [94, 81, 66, 255] 
17000: [131, 165, 178, 255] 
18000: [171, 123, 94, 255] 
19000: [17, 16, 15, 255] 
20000: [190, 151, 136, 255] 
21000: [254, 254, 254, 255] 
22000: [165, 181, 192, 255] 
23000: [250, 194, 134, 255] 
24000: [227, 159, 140, 255] 
25000: [253, 253, 252, 255] 
26000: [235, 190, 164, 255] 
27000: [253, 251, 247, 255] 
28000: [55, 42, 24, 255] 
29000: [178, 180, 175, 255] 
30000: [189, 202, 210, 255] 
31000: [185, 187, 186, 255] 
32000: [27, 23, 22, 255] 
33000: [52, 34, 12, 255] 
34000: [100, 102, 100, 255] 
35000: [70, 64, 61, 255] 
36000: [250, 162, 102, 255] 
37000: [232, 234, 233, 255] 
38000: [194, 178, 173, 255] 
39000: [133, 143, 152, 255] 
40000: [251, 179, 133, 255] 
41000: [188, 191, 191, 255] 
42000: [250, 240, 236, 255] 
43000: [239, 222, 218, 255] 
44000: [47, 51, 53, 255] 
45000: [49, 32, 19, 255] 
46000: [243, 247, 247, 255] 
47000: [188, 199, 203, 255] 
48000: [212, 213, 213, 255] 
49000: [175, 177, 178, 255] 
50000: [254, 254, 254, 255] 
51000: [156, 170, 179, 255] 
52000: [171, 166, 157, 255] 
53000: [141, 146, 146, 255] 
54000: [50, 29, 13, 255] 
55000: [165, 193, 211, 255] 
56000: [164, 177, 186, 255] 
57000: [114, 115, 114, 255] 
58000: [67, 62, 60, 255] 
59000: [174, 189, 199, 255] 
60000: [174, 176, 176, 255] 
61000: [189, 192, 192, 255] 
62000: [116, 118, 118, 255] 
63000: [171, 169, 109, 255] 
64000: [168, 183, 194, 255] 
65000: [84, 85, 83, 255] 
66000: [165, 179, 188, 255] 
67000: [219, 181, 173, 255] 
68000: [224, 229, 229, 255] 
69000: [118, 96, 92, 255] 
70000: [190, 204, 214, 255] 
71000: [238, 234, 233, 255] 
72000: [179, 184, 183, 255] 
73000: [225, 155, 128, 255] 
74000: [182, 197, 206, 255] 
75000: [236, 199, 190, 255] 
76000: [253, 254, 253, 255] 
77000: [253, 239, 244, 255] 
78000: [250, 169, 126, 255] 
79000: [106, 86, 82, 255] 
80000: [254, 254, 254, 255] 
81000: [10, 10, 10, 255] 
82000: [41, 40, 41, 255] 
83000: [132, 131, 132, 255] 
84000: [160, 168, 175, 255] 
85000: [238, 244, 245, 255] 
86000: [169, 178, 180, 255] 
87000: [186, 200, 208, 255] 
88000: [191, 199, 207, 255] 
89000: [97, 78, 74, 255] 
